TPCNote      0   3010  65   1
TPCNote      0   3010  68  -2
TPCNote    385   1890  77   1
TPCNote    385   1890  80  -2
TPCNote   1890   3360  73  -3
TPCNote   1890   3360  77   1
TPCNote   3010   6370  66  -4
TPCNote   3010   6370  69   5
TPCNote   3360   3745  72   2
TPCNote   3360   3745  75  -1
TPCNote   3745   4130  73  -3
TPCNote   3745   4130  77   1
TPCNote   4130   6755  72   2
TPCNote   4130   6755  75  -1
TPCNote   6370   9765  65   1
TPCNote   6370   9765  68  -2
TPCNote   6755   7140  70   0
TPCNote   6755   7140  73  -3
TPCNote   7140   7490  72   2
TPCNote   7140   7490  75  -1
TPCNote   7490   8050  73  -3
TPCNote   7490  10115  70   0
TPCNote   8050   9170  77   1
TPCNote   9170  10115  73  -3
TPCNote   9765  13125  63  -1
TPCNote   9765  13125  66  -4
TPCNote  10115  10500  68  -2
TPCNote  10115  10500  72   2
TPCNote  10500  10885  70   0
TPCNote  10500  10885  73  -3
TPCNote  10885  13125  68  -2
TPCNote  10885  13510  72   2
TPCNote  13125  15365  66  -4
TPCNote  13125  15365  63  -1
TPCNote  13125  15365  61  -3
TPCNote  13510  13860  70   0
TPCNote  13860  14245  72   2
TPCNote  14245  14630  70   0
TPCNote  14630  15015  75  -1
TPCNote  15015  15365  70   0
TPCNote  15365  15750  68  -2
TPCNote  15365  16485  66  -4
TPCNote  15365  16485  63  -1
TPCNote  15365  16485  60   2
TPCNote  15750  16135  70   0
TPCNote  16135  16870  68  -2
TPCNote  16485  18760  63  -1
TPCNote  16485  18760  61  -3
TPCNote  16485  18760  58   0
TPCNote  16870  17255  66  -4
TPCNote  17255  17640  68  -2
TPCNote  17640  18760  66  -4
TPCNote  18760  19880  63  -1
TPCNote  18760  20265  65   1
TPCNote  18760  19880  60   2
TPCNote  18760  19880  57   5
TPCNote  19880  23240  61  -3
TPCNote  19880  22120  56  -2
TPCNote  19880  23240  58   0
TPCNote  20265  20615  65   1
TPCNote  20615  21000  66  -4
TPCNote  21000  21385  65   1
TPCNote  21385  21735  70   0
TPCNote  21735  22120  65   1
TPCNote  22120  22505  63  -1
TPCNote  22120  23240  54  -4
TPCNote  22505  22890  65   1
TPCNote  22890  23240  63  -1
TPCNote  23240  23625  63  -1
TPCNote  23240  25515  58   0
TPCNote  23240  25515  56  -2
TPCNote  23240  25515  53   1
TPCNote  23625  24010  61  -3
TPCNote  24010  24360  63  -1
TPCNote  24360  25515  61  -3
TPCNote  25515  26635  60   2
TPCNote  25515  26635  56  -2
TPCNote  25515  26075  51  -1
TPCNote  25515  26635  54  -4
TPCNote  26075  26985  44  -2
TPCNote  26635  26985  37  -3
TPCNote  26985  27370  53   1
TPCNote  26985  27370  56  -2
TPCNote  27370  29995  65   1
TPCNote  27370  29995  68  -2
TPCNote  27755  28875  77   1
TPCNote  27755  28875  80  -2
TPCNote  28875  30380  73  -3
TPCNote  28875  30380  77   1
TPCNote  29995  32235  42  -4
TPCNote  29995  33390  49  -3
TPCNote  30380  30765  75  -1
TPCNote  30380  33390  66  -4
TPCNote  30380  33390  70   0
TPCNote  30380  33390  54  -4
TPCNote  30380  33390  58   0
TPCNote  30380  33390  61  -3
TPCNote  30765  31115  77   1
TPCNote  31115  33740  75  -1
TPCNote  33390  35630  41   1
TPCNote  33390  35630  49  -3
TPCNote  33740  34125  61  -3
TPCNote  33740  34125  73  -3
TPCNote  33740  34510  68  -2
TPCNote  33740  34510  53   1
TPCNote  33740  34510  56  -2
TPCNote  34125  34510  63  -1
TPCNote  34125  34510  75  -1
TPCNote  34510  35630  68  -2
TPCNote  34510  35630  73  -3
TPCNote  34510  35630  80  -2
TPCNote  34510  35630  61  -3
TPCNote  34510  35630  65   1
TPCNote  35630  36750  65   1
TPCNote  35630  36750  73  -3
TPCNote  35630  37135  77   1
TPCNote  35630  36750  56  -2
TPCNote  35630  36750  61  -3
TPCNote  36750  38990  42  -4
TPCNote  36750  40110  49  -3
TPCNote  37135  37485  75  -1
TPCNote  37135  40110  66  -4
TPCNote  37135  40110  70   0
TPCNote  37135  40110  54  -4
TPCNote  37135  40110  58   0
TPCNote  37135  40110  61  -3
TPCNote  37485  37870  77   1
TPCNote  37870  38990  75  -1
TPCNote  38990  40495  73  -3
TPCNote  40110  43505  44  -2
TPCNote  40495  40880  61  -3
TPCNote  40495  40880  73  -3
TPCNote  40495  41265  68  -2
TPCNote  40495  41265  53   1
TPCNote  40495  41265  59  -5
TPCNote  40880  41265  63  -1
TPCNote  40880  41265  75  -1
TPCNote  41265  41825  70   0
TPCNote  41265  41825  82   0
TPCNote  41265  43890  77   1
TPCNote  41265  42735  59  -5
TPCNote  41265  42735  61  -3
TPCNote  41265  42735  65   1
TPCNote  41825  42945  68  -2
TPCNote  41825  42945  80  -2
TPCNote  42945  43505  65   1
TPCNote  43505  45745  46   0
TPCNote  43890  44240  75  -1
TPCNote  43890  46865  65   1
TPCNote  43890  46865  70   0
TPCNote  43890  45185  63  -1
TPCNote  43890  46865  53   1
TPCNote  43890  46865  58   0
TPCNote  44240  44625  77   1
TPCNote  44625  45185  75  -1
TPCNote  45185  46305  73  -3
TPCNote  45185  46865  61  -3
TPCNote  46865  49140  27  -1
TPCNote  46865  49140  39  -1
TPCNote  47425  48370  77   1
TPCNote  47425  48370  82   0
TPCNote  47425  48370  89   1
TPCNote  47425  48370  65   1
TPCNote  47425  48370  66  -4
TPCNote  47425  48370  70   0
TPCNote  48370  48755  75  -1
TPCNote  48370  48755  82   0
TPCNote  48370  48755  87  -1
TPCNote  48370  48755  63  -1
TPCNote  48370  48755  66  -4
TPCNote  48370  48755  70   0
TPCNote  48755  49140  75  -1
TPCNote  48755  49140  82   0
TPCNote  48755  49140  87  -1
TPCNote  48755  49140  63  -1
TPCNote  48755  49140  66  -4
TPCNote  48755  49140  70   0
TPCNote  49140  49490  75  -1
TPCNote  49140  49490  82   0
TPCNote  49140  49490  87  -1
TPCNote  49140  49490  63  -1
TPCNote  49140  49490  66  -4
TPCNote  49140  49490  70   0
TPCNote  49490  49875  73  -3
TPCNote  49490  49875  82   0
TPCNote  49490  49875  85  -3
TPCNote  49490  49875  61  -3
TPCNote  49490  49875  66  -4
TPCNote  49490  49875  70   0
TPCNote  49875  50260  73  -3
TPCNote  49875  50260  82   0
TPCNote  49875  50260  85  -3
TPCNote  49875  50260  61  -3
TPCNote  49875  50260  66  -4
TPCNote  49875  50260  70   0
TPCNote  50260  50610  73  -3
TPCNote  50260  50610  82   0
TPCNote  50260  50610  85  -3
TPCNote  50260  50610  61  -3
TPCNote  50260  50610  66  -4
TPCNote  50260  50610  70   0
TPCNote  50610  50995  72   2
TPCNote  50610  50995  78  -4
TPCNote  50610  50995  82   0
TPCNote  50610  50995  84   2
TPCNote  50610  50995  60   2
TPCNote  50610  50995  66  -4
TPCNote  50610  50995  70   0
TPCNote  50995  51380  72   2
TPCNote  50995  51380  78  -4
TPCNote  50995  51380  82   0
TPCNote  50995  51380  84   2
TPCNote  50995  51380  60   2
TPCNote  50995  51380  66  -4
TPCNote  50995  51380  70   0
TPCNote  51380  51940  72   2
TPCNote  51380  51940  78  -4
TPCNote  51380  51940  82   0
TPCNote  51380  51940  84   2
TPCNote  51380  51940  60   2
TPCNote  51380  51940  66  -4
TPCNote  51380  51940  70   0
TPCNote  51940  52500  73  -3
TPCNote  51940  52500  82   0
TPCNote  51940  52500  85  -3
TPCNote  51940  52500  61  -3
TPCNote  51940  52500  66  -4
TPCNote  51940  52500  70   0
TPCNote  52500  53620  70   0
TPCNote  52500  53620  78  -4
TPCNote  52500  53620  82   0
TPCNote  52500  53620  58   0
TPCNote  52500  53620  61  -3
TPCNote  52500  53620  66  -4
TPCNote  53620  55125  46   0
TPCNote  53620  55860  27  -1
TPCNote  53620  55860  39  -1
TPCNote  54180  55125  77   1
TPCNote  54180  55125  82   0
TPCNote  54180  55125  89   1
TPCNote  54180  55125  65   1
TPCNote  54180  55125  66  -4
TPCNote  54180  55125  70   0
TPCNote  55125  55510  78  -4
TPCNote  55125  55510  82   0
TPCNote  55125  55510  90  -4
TPCNote  55125  55510  66  -4
TPCNote  55125  55510  70   0
TPCNote  55125  55510  75  -1
TPCNote  55510  55860  77   1
TPCNote  55510  55860  82   0
TPCNote  55510  55860  89   1
TPCNote  55510  55860  65   1
TPCNote  55510  55860  66  -4
TPCNote  55510  55860  70   0
TPCNote  55860  56245  75  -1
TPCNote  55860  56245  82   0
TPCNote  55860  56245  87  -1
TPCNote  55860  56245  63  -1
TPCNote  55860  56245  66  -4
TPCNote  55860  56245  70   0
TPCNote  56245  56630  77   1
TPCNote  56245  56630  82   0
TPCNote  56245  56630  89   1
TPCNote  56245  56630  65   1
TPCNote  56245  56630  66  -4
TPCNote  56245  56630  70   0
TPCNote  56630  57015  75  -1
TPCNote  56630  57015  82   0
TPCNote  56630  57015  87  -1
TPCNote  56630  57015  63  -1
TPCNote  56630  57015  66  -4
TPCNote  56630  57015  70   0
TPCNote  57015  57365  73  -3
TPCNote  57015  57365  82   0
TPCNote  57015  57365  85  -3
TPCNote  57015  57365  61  -3
TPCNote  57015  57365  66  -4
TPCNote  57015  57365  70   0
TPCNote  57365  57750  75  -1
TPCNote  57365  57750  82   0
TPCNote  57365  57750  87  -1
TPCNote  57365  57750  63  -1
TPCNote  57365  57750  66  -4
TPCNote  57365  57750  70   0
TPCNote  57750  58135  73  -3
TPCNote  57750  58135  82   0
TPCNote  57750  58135  85  -3
TPCNote  57750  58135  61  -3
TPCNote  57750  58135  66  -4
TPCNote  57750  58135  70   0
TPCNote  58135  58695  72   2
TPCNote  58135  58695  82   0
TPCNote  58135  58695  84   2
TPCNote  58135  58695  60   2
TPCNote  58135  58695  66  -4
TPCNote  58135  58695  70   0
TPCNote  58695  58765  87  -1
TPCNote  58695  59255  61  -3
TPCNote  58695  59255  66  -4
TPCNote  58695  59255  70   0
TPCNote  58765  59255  73  -3
TPCNote  58765  59255  82   0
TPCNote  58765  59255  85  -3
TPCNote  59255  60375  70   0
TPCNote  59255  60375  78  -4
TPCNote  59255  60375  82   0
TPCNote  59255  59990  58   0
TPCNote  59255  59990  63  -1
TPCNote  59255  59990  66  -4
TPCNote  59990  62265  32  -2
TPCNote  59990  62265  44  -2
TPCNote  60375  60760  66  -4
TPCNote  60375  60760  78  -4
TPCNote  60375  60760  54  -4
TPCNote  60760  61110  68  -2
TPCNote  60760  61110  75  -1
TPCNote  60760  61110  80  -2
TPCNote  60760  61110  56  -2
TPCNote  60760  61495  63  -1
TPCNote  60760  61495  60   2
TPCNote  61110  61495  72   2
TPCNote  61110  61495  84   2
TPCNote  61495  61880  70   0
TPCNote  61495  61880  78  -4
TPCNote  61495  61880  82   0
TPCNote  61495  61880  58   0
TPCNote  61495  62265  63  -1
TPCNote  61495  62265  66  -4
TPCNote  61880  62265  78  -4
TPCNote  61880  62265  54  -4
TPCNote  62265  64505  33  -7
TPCNote  62265  64505  45  -7
TPCNote  62615  63000  66  -4
TPCNote  62615  63000  72   2
TPCNote  62615  63000  75  -1
TPCNote  62615  63000  78  -4
TPCNote  62615  63000  54  -4
TPCNote  62615  63000  60   2
TPCNote  62615  63000  63  -1
TPCNote  63000  63385  66  -4
TPCNote  63000  63385  72   2
TPCNote  63000  63385  75  -1
TPCNote  63000  63385  78  -4
TPCNote  63000  63385  54  -4
TPCNote  63000  63385  60   2
TPCNote  63000  63385  63  -1
TPCNote  63385  63735  66  -4
TPCNote  63385  63735  72   2
TPCNote  63385  63735  75  -1
TPCNote  63385  63735  78  -4
TPCNote  63385  63735  54  -4
TPCNote  63385  63735  60   2
TPCNote  63385  63735  63  -1
TPCNote  63735  64120  66  -4
TPCNote  63735  64120  72   2
TPCNote  63735  64120  75  -1
TPCNote  63735  64120  78  -4
TPCNote  63735  64120  54  -4
TPCNote  63735  64120  60   2
TPCNote  63735  64120  63  -1
TPCNote  64120  64505  68  -2
TPCNote  64120  64505  72   2
TPCNote  64120  64505  75  -1
TPCNote  64120  64505  80  -2
TPCNote  64120  64505  56  -2
TPCNote  64120  64505  60   2
TPCNote  64120  64505  63  -1
TPCNote  64505  65625  66  -4
TPCNote  64505  65625  72   2
TPCNote  64505  65625  75  -1
TPCNote  64505  65625  78  -4
TPCNote  64505  65625  54  -4
TPCNote  64505  65625  60   2
TPCNote  64505  65625  63  -1
TPCNote  65625  67865  34   0
TPCNote  65625  67865  46   0
TPCNote  66010  66360  66  -4
TPCNote  66010  66360  78  -4
TPCNote  66010  67130  73  -3
TPCNote  66010  66360  54  -4
TPCNote  66010  67130  58   0
TPCNote  66010  67130  61  -3
TPCNote  66360  66745  68  -2
TPCNote  66360  66745  80  -2
TPCNote  66360  66745  56  -2
TPCNote  66745  67130  85  -3
TPCNote  67130  67515  70   0
TPCNote  67130  67515  82   0
TPCNote  67130  67865  78  -4
TPCNote  67130  67515  58   0
TPCNote  67130  67865  61  -3
TPCNote  67130  67865  66  -4
TPCNote  67515  67865  54  -4
TPCNote  67865  70140  36   2
TPCNote  67865  70140  48   2
TPCNote  68250  68635  66  -4
TPCNote  68250  68635  70   0
TPCNote  68250  68635  75  -1
TPCNote  68250  68635  78  -4
TPCNote  68250  68635  54  -4
TPCNote  68250  68635  58   0
TPCNote  68250  68635  63  -1
TPCNote  68635  68985  66  -4
TPCNote  68635  68985  70   0
TPCNote  68635  68985  75  -1
TPCNote  68635  68985  78  -4
TPCNote  68635  68985  54  -4
TPCNote  68635  68985  58   0
TPCNote  68635  68985  63  -1
TPCNote  68985  69370  66  -4
TPCNote  68985  69370  70   0
TPCNote  68985  69370  75  -1
TPCNote  68985  69370  78  -4
TPCNote  68985  69370  54  -4
TPCNote  68985  69370  58   0
TPCNote  68985  69370  63  -1
TPCNote  69370  69755  66  -4
TPCNote  69370  69755  70   0
TPCNote  69370  69755  75  -1
TPCNote  69370  69755  78  -4
TPCNote  69370  69755  54  -4
TPCNote  69370  69755  58   0
TPCNote  69370  69755  63  -1
TPCNote  69755  70140  68  -2
TPCNote  69755  70140  72   2
TPCNote  69755  70140  77   1
TPCNote  69755  70140  80  -2
TPCNote  69755  70140  56  -2
TPCNote  69755  70140  60   2
TPCNote  69755  70140  65   1
TPCNote  70140  71260  66  -4
TPCNote  70140  71260  70   0
TPCNote  70140  71260  75  -1
TPCNote  70140  71260  78  -4
TPCNote  70140  71260  54  -4
TPCNote  70140  71260  58   0
TPCNote  70140  71260  63  -1
TPCNote  71260  73500  37  -3
TPCNote  71260  73500  49  -3
TPCNote  71610  71995  66  -4
TPCNote  71610  71995  78  -4
TPCNote  71610  72380  70   0
TPCNote  71610  72380  73  -3
TPCNote  71610  71995  54  -4
TPCNote  71610  72380  58   0
TPCNote  71610  72380  61  -3
TPCNote  71995  72380  68  -2
TPCNote  71995  72380  80  -2
TPCNote  71995  72380  56  -2
TPCNote  72380  72765  75  -1
TPCNote  72380  72765  87  -1
TPCNote  72380  72765  63  -1
TPCNote  72765  73115  73  -3
TPCNote  72765  73115  85  -3
TPCNote  72765  73500  78  -4
TPCNote  72765  73500  82   0
TPCNote  72765  73115  61  -3
TPCNote  72765  73500  66  -4
TPCNote  72765  73500  70   0
TPCNote  73115  73500  58   0
TPCNote  73500  75740  39  -1
TPCNote  73500  75740  51  -1
TPCNote  73885  74235  70   0
TPCNote  73885  74235  78  -4
TPCNote  73885  74235  82   0
TPCNote  73885  74235  58   0
TPCNote  73885  74235  61  -3
TPCNote  73885  74235  66  -4
TPCNote  74235  74620  70   0
TPCNote  74235  74620  78  -4
TPCNote  74235  74620  82   0
TPCNote  74235  74620  58   0
TPCNote  74235  74620  61  -3
TPCNote  74235  74620  66  -4
TPCNote  74620  75005  70   0
TPCNote  74620  75005  78  -4
TPCNote  74620  75005  82   0
TPCNote  74620  75005  58   0
TPCNote  74620  75005  61  -3
TPCNote  74620  75005  66  -4
TPCNote  75005  75390  70   0
TPCNote  75005  75390  78  -4
TPCNote  75005  75390  82   0
TPCNote  75005  75390  58   0
TPCNote  75005  75390  61  -3
TPCNote  75005  75390  66  -4
TPCNote  75390  75740  72   2
TPCNote  75390  75740  80  -2
TPCNote  75390  75740  84   2
TPCNote  75390  75740  60   2
TPCNote  75390  75740  63  -1
TPCNote  75390  75740  68  -2
TPCNote  75740  76125  70   0
TPCNote  75740  76125  78  -4
TPCNote  75740  76125  82   0
TPCNote  75740  76125  58   0
TPCNote  75740  76125  61  -3
TPCNote  75740  76125  66  -4
TPCNote  76125  76510  73  -3
TPCNote  76125  76510  82   0
TPCNote  76125  76510  85  -3
TPCNote  76125  76510  61  -3
TPCNote  76125  76510  66  -4
TPCNote  76125  76510  70   0
TPCNote  76510  76860  75  -1
TPCNote  76510  76860  82   0
TPCNote  76510  76860  87  -1
TPCNote  76510  76860  61  -3
TPCNote  76510  76860  66  -4
TPCNote  76510  76860  70   0
TPCNote  76860  79135  80  -2
TPCNote  76860  79135  65   1
TPCNote  76965  79135  85  -3
TPCNote  76965  79135  68  -2
TPCNote  77070  79135  92  -2
TPCNote  77070  79135  73  -3
TPCNote  77175  79135  77   1
TPCNote  79135  80255  80  -2
TPCNote  79135  80255  64  -6
TPCNote  79240  80255  85  -3
TPCNote  79240  80255  68  -2
TPCNote  79310  80255  92  -2
TPCNote  79310  80255  70   0
TPCNote  79415  80255  73  -3
TPCNote  79520  80255  76  -6
TPCNote  80255  82495  80  -2
TPCNote  80255  82495  63  -1
TPCNote  80360  82495  85  -3
TPCNote  80360  82495  66  -4
TPCNote  80430  82495  92  -2
TPCNote  80430  82495  68  -2
TPCNote  80535  82495  73  -3
TPCNote  80640  82495  75  -1
TPCNote  82495  83615  68  -2
TPCNote  82495  83615  56  -2
TPCNote  82600  83615  73  -3
TPCNote  82600  83615  63  -1
TPCNote  82705  83615  80  -2
TPCNote  82705  83615  66  -4
TPCNote  82810  83615  72   2
TPCNote  83615  85890  68  -2
TPCNote  83615  85890  65   1
TPCNote  83615  84735  37  -3
TPCNote  83825  84000  44  -2
TPCNote  84000  84175  49  -3
TPCNote  84175  84385  53   1
TPCNote  84385  84560  56  -2
TPCNote  84560  84735  61  -3
TPCNote  84735  85890  41   1
TPCNote  84945  85120  48   2
TPCNote  85120  85295  53   1
TPCNote  85295  85505  56  -2
TPCNote  85505  85680  60   2
TPCNote  85890  86625  71  -5
TPCNote  85890  87010  68  -2
TPCNote  85890  87010  44  -2
TPCNote  86065  86240  52  -6
TPCNote  86240  86450  56  -2
TPCNote  86450  86625  59  -5
TPCNote  86625  87010  73  -3
TPCNote  86625  86800  64  -6
TPCNote  87010  89250  68  -2
TPCNote  87010  89250  65   1
TPCNote  87010  88130  37  -3
TPCNote  87185  87360  44  -2
TPCNote  87360  87570  49  -3
TPCNote  87570  87745  53   1
TPCNote  87745  87920  56  -2
TPCNote  87920  88130  61  -3
TPCNote  88130  89250  41   1
TPCNote  88305  88515  48   2
TPCNote  88515  88690  53   1
TPCNote  88690  88865  56  -2
TPCNote  88865  89075  60   2
TPCNote  89250  89985  68  -2
TPCNote  89250  89985  71  -5
TPCNote  89250  90370  44  -2
TPCNote  89425  89635  52  -6
TPCNote  89635  89810  56  -2
TPCNote  89810  89985  59  -5
TPCNote  89985  90370  68  -2
TPCNote  90195  90370  64   6
TPCNote  90370  91140  65   1
TPCNote  90370  91140  73  -3
TPCNote  90370  90545  37  -3
TPCNote  90545  90755  44  -2
TPCNote  90755  90930  49  -3
TPCNote  90930  91140  53   1
TPCNote  91140  91490  68  -2
TPCNote  91140  91490  75  -1
TPCNote  91140  91315  56  -2
TPCNote  91315  91490  61  -3
TPCNote  91490  92610  73  -3
TPCNote  91490  92610  77   1
TPCNote  91490  91700  65   1
TPCNote  91700  91875  68  -2
TPCNote  91875  92050  65   1
TPCNote  92050  92260  61  -3
TPCNote  92260  92435  56  -2
TPCNote  92435  92610  53   1
TPCNote  92610  93380  65   1
TPCNote  92610  93380  73  -3
TPCNote  92610  92820  56  -2
TPCNote  92820  92995  53   1
TPCNote  92995  93170  49  -3
TPCNote  93170  93380  44  -2
TPCNote  93380  93765  73  -3
TPCNote  93380  93765  77   1
TPCNote  93380  93555  49  -3
TPCNote  93555  93765  44  -2
TPCNote  93765  94115  75  -1
TPCNote  93765  94115  79   3
TPCNote  93765  93940  39  -1
TPCNote  93940  94115  46   0
TPCNote  94115  94500  73  -3
TPCNote  94115  94500  77   1
TPCNote  94115  94325  51  -1
TPCNote  94325  94500  55  -9
TPCNote  94500  94885  70   0
TPCNote  94500  94885  73  -3
TPCNote  94500  94675  58   0
TPCNote  94675  94885  63  -1
TPCNote  94885  95235  67   3
TPCNote  94885  96005  70   0
TPCNote  94885  96005  73  -3
TPCNote  95060  95235  63  -1
TPCNote  95235  95620  65   1
TPCNote  95235  95445  58   0
TPCNote  95445  95620  55   3
TPCNote  95620  96005  61  -3
TPCNote  95620  95795  51  -1
TPCNote  95795  96005  46   0
TPCNote  96005  96565  61  -3
TPCNote  96005  96180  39  -1
TPCNote  96180  96390  46   0
TPCNote  96390  96565  51  -1
TPCNote  96565  97125  58   0
TPCNote  96565  96740  55   3
TPCNote  96740  96950  51  -1
TPCNote  96950  97125  46   0
TPCNote  97125  99365  70   0
TPCNote  97125  98245  44  -2
TPCNote  97300  97510  51  -1
TPCNote  97510  97685  54  -4
TPCNote  97685  97860  58   0
TPCNote  97860  98070  60   2
TPCNote  98070  98245  66  -4
TPCNote  98245  99365  42  -4
TPCNote  98420  98630  49  -3
TPCNote  98630  98805  54  -4
TPCNote  98805  99015  58   0
TPCNote  99015  99190  61  -3
TPCNote  99190  99365  66  -4
TPCNote  99365 100135  72   2
TPCNote  99365 100485  41   1
TPCNote  99575  99750  48   2
TPCNote  99750  99925  53   1
TPCNote  99925 100135  56  -2
TPCNote 100135 100310  68  -2
TPCNote 100135 100485  77   1
TPCNote 100135 100485  60   2
TPCNote 100310 100485  65   1
TPCNote 100485 102760  70   0
TPCNote 100485 101640  44  -2
TPCNote 100695 100870  51  -1
TPCNote 100870 101045  54  -4
TPCNote 101045 101255  58   0
TPCNote 101255 101430  60   2
TPCNote 101430 101640  66  -4
TPCNote 101640 102760  42  -4
TPCNote 101815 101990  49  -3
TPCNote 101990 102200  54  -4
TPCNote 102200 102375  58   0
TPCNote 102375 102550  61  -3
TPCNote 102550 102760  66  -4
TPCNote 102760 103495  72   2
TPCNote 102760 103880  41   1
TPCNote 102935 103110  48   2
TPCNote 103110 103320  53   1
TPCNote 103320 103495  56  -2
TPCNote 103495 103670  68  -2
TPCNote 103495 103880  77   1
TPCNote 103495 103880  60   2
TPCNote 103670 103880  65   1
TPCNote 103880 105385  78  -4
TPCNote 103880 105000  39  -1
TPCNote 104055 104265  46   0
TPCNote 104265 104440  51  -1
TPCNote 104440 104615  54  -4
TPCNote 104615 104825  58   0
TPCNote 104825 105000  63  -1
TPCNote 105000 105385  66  -4
TPCNote 105245 105385  70   0
TPCNote 105385 105735  77   1
TPCNote 105385 105735  65   1
TPCNote 105490 105630  66  -4
TPCNote 105630 105735  70   0
TPCNote 105735 106120  74   4
TPCNote 105735 106120  62   4
TPCNote 105875 106015  66  -4
TPCNote 106015 106120  70   0
TPCNote 106120 106505  75  -1
TPCNote 106120 106505  63  -1
TPCNote 106260 106365  66  -4
TPCNote 106365 106505  70   0
TPCNote 106505 108745  82   0
TPCNote 106505 107625  62   4
TPCNote 106680 106890  66  -4
TPCNote 106890 107065  70   0
TPCNote 107065 107240  70   0
TPCNote 107240 107450  78  -4
TPCNote 107625 108745  63  -1
TPCNote 107800 108010  66  -4
TPCNote 108010 108185  70   0
TPCNote 108185 108360  70   0
TPCNote 108360 108570  78  -4
TPCNote 108745 109865  80  -2
TPCNote 108745 108920  60   2
TPCNote 108745 109865  56  -2
TPCNote 108920 109130  64  -6
TPCNote 109130 109305  68  -2
TPCNote 109305 109515  72   2
TPCNote 109515 109690  76   6
TPCNote 109865 112140  80  -2
TPCNote 109865 112140  77   1
TPCNote 109865 110985  49  -3
TPCNote 110075 110250  56  -2
TPCNote 110250 110425  61  -3
TPCNote 110425 110635  65   1
TPCNote 110635 110810  68  -2
TPCNote 110810 110985  73  -3
TPCNote 110985 111195  56  -2
TPCNote 110985 112140  53   1
TPCNote 111195 111370  60   2
TPCNote 111370 111545  65   1
TPCNote 111545 111755  68  -2
TPCNote 111755 111930  72   2
TPCNote 112140 112875  80  -2
TPCNote 112140 112875  83  -5
TPCNote 112140 112315  59  -5
TPCNote 112140 113260  56  -2
TPCNote 112315 112490  64  -6
TPCNote 112490 112700  68  -2
TPCNote 112700 112875  71  -5
TPCNote 112875 113260  85  -3
TPCNote 112875 113050  76  -6
TPCNote 113050 113260  80  -2
TPCNote 113260 115500  80  -2
TPCNote 113260 115500  77   1
TPCNote 113260 114380  49  -3
TPCNote 113435 113610  56  -2
TPCNote 113610 113820  61  -3
TPCNote 113820 113995  65   1
TPCNote 113995 114170  68  -2
TPCNote 114170 114380  73  -3
TPCNote 114380 114555  56  -2
TPCNote 114380 115500  53   1
TPCNote 114555 114765  60   2
TPCNote 114765 114940  65   1
TPCNote 114940 115115  68  -2
TPCNote 115115 115325  72   2
TPCNote 115500 116235  80  -2
TPCNote 115500 116235  83  -5
TPCNote 115500 115675  59  -5
TPCNote 115500 116620  56  -2
TPCNote 115675 115885  64  -6
TPCNote 115885 116060  68  -2
TPCNote 116060 116235  71  -5
TPCNote 116235 116620  80  -2
TPCNote 116445 116620  76  -6
TPCNote 116620 117390  85  -3
TPCNote 116620 116795  61  -3
TPCNote 116620 117740  59  -5
TPCNote 116795 117005  64  -6
TPCNote 117005 117180  68  -2
TPCNote 117180 117390  73  -3
TPCNote 117180 117740  71  -5
TPCNote 117390 117740  80  -2
TPCNote 117565 117740  76  -6
TPCNote 117740 118510  88  -6
TPCNote 117740 117950  64  -6
TPCNote 117740 118860  61  -3
TPCNote 117950 118125  68  -2
TPCNote 118125 118300  71  -5
TPCNote 118300 118510  76  -6
TPCNote 118300 118860  73  -3
TPCNote 118510 118860  85  -3
TPCNote 118685 118860  80  -2
TPCNote 118860 119630  92  -2
TPCNote 118860 119070  68  -2
TPCNote 118860 120015  64  -6
TPCNote 119070 119245  71  -5
TPCNote 119245 119420  73  -3
TPCNote 119420 119630  80  -2
TPCNote 119420 120015  76  -6
TPCNote 119630 120015  88  -6
TPCNote 119805 120015  83  -5
TPCNote 120015 121135  92  -2
TPCNote 120015 121135  68  -2
TPCNote 120190 120365  69  -7
TPCNote 120365 120575  73  -3
TPCNote 120575 120750  80  -2
TPCNote 120750 120925  85  -3
TPCNote 120925 121135  81  -7
TPCNote 121135 123375  90  -4
TPCNote 121135 122255  66  -4
TPCNote 121310 121485  69  -7
TPCNote 121485 121695  73  -3
TPCNote 121695 121870  78  -4
TPCNote 121870 122045  85  -3
TPCNote 122045 122255  81  -7
TPCNote 122255 122430  66  -4
TPCNote 122255 123375  65   1
TPCNote 122430 122640  69  -7
TPCNote 122640 122815  73  -3
TPCNote 122815 122990  78  -4
TPCNote 122990 123200  85  -3
TPCNote 123200 123375  81  -7
TPCNote 123375 125615  90  -4
TPCNote 123375 123550  66  -4
TPCNote 123375 124495  64  -6
TPCNote 123550 123760  69  -7
TPCNote 123760 123935  73  -3
TPCNote 123935 124110  78  -4
TPCNote 124110 124320  85  -3
TPCNote 124320 124495  81  -7
TPCNote 124495 124670  66  -4
TPCNote 124495 125615  63  -1
TPCNote 124670 124880  69  -7
TPCNote 124880 125055  73  -3
TPCNote 125055 125265  78  -4
TPCNote 125265 125440  85  -3
TPCNote 125440 125615  81  -7
TPCNote 125615 126385  93  -7
TPCNote 125615 125825  64  -6
TPCNote 125615 126735  61  -3
TPCNote 125825 126000  69  -7
TPCNote 126000 126175  73  -3
TPCNote 126175 126385  76  -6
TPCNote 126385 126735  97  -3
TPCNote 126560 126735  85  -3
TPCNote 126735 129010  78  -4
TPCNote 126735 127890  59  -5
TPCNote 126945 127120  63  -1
TPCNote 127120 127295  66  -4
TPCNote 127295 127505  66  -4
TPCNote 127505 127680  73  -3
TPCNote 127680 127890  69  -7
TPCNote 127890 129010  57  -7
TPCNote 128065 128240  61  -3
TPCNote 128240 128450  64  -6
TPCNote 128450 128625  66  -4
TPCNote 128625 128800  73  -3
TPCNote 128800 129010  69  -7
TPCNote 129010 129745  81  -7
TPCNote 129010 130130  56  -2
TPCNote 129185 129360  61  -3
TPCNote 129360 129570  64  -6
TPCNote 129570 129745  69  -7
TPCNote 129745 130130  85  -3
TPCNote 129745 129920  76  -6
TPCNote 129920 130130  81  -7
TPCNote 130130 130515  85  -3
TPCNote 130130 130515  88  -6
TPCNote 130130 133490  54  -4
TPCNote 130305 130515  61  -3
TPCNote 130515 130865  83  -5
TPCNote 130515 130865  87  -1
TPCNote 130515 130690  64  -6
TPCNote 130690 130865  66  -4
TPCNote 130865 131250  81  -7
TPCNote 130865 131250  85  -3
TPCNote 130865 131075  69  -7
TPCNote 131075 131250  73  -3
TPCNote 131250 131810  80  -2
TPCNote 131250 131810  83  -5
TPCNote 131250 131425  76  -6
TPCNote 131425 131635  78  -4
TPCNote 131635 131810  76  -6
TPCNote 131810 132755  78  -4
TPCNote 131810 132755  81  -7
TPCNote 131810 131985  73  -3
TPCNote 131985 132195  69  -7
TPCNote 132195 132370  66  -4
TPCNote 132370 132545  64  -6
TPCNote 132545 132755  66  -4
TPCNote 132755 133140  76  -6
TPCNote 132755 133140  80  -2
TPCNote 132755 132930  64  -6
TPCNote 132930 133140  61  -3
TPCNote 133140 133490  75  -1
TPCNote 133140 133490  78  -4
TPCNote 133140 133315  57  -7
TPCNote 133490 133875  73  -3
TPCNote 133490 133875  76  -6
TPCNote 133490 133700  42  -4
TPCNote 133700 133875  49  -3
TPCNote 133875 134260  71  -5
TPCNote 133875 134260  75  -1
TPCNote 133875 134050  52  -6
TPCNote 134050 134260  54  -4
TPCNote 134260 134610  69  -7
TPCNote 134260 134610  73  -3
TPCNote 134260 134435  57  -7
TPCNote 134435 134610  61  -3
TPCNote 134610 134995  68  -2
TPCNote 134610 134995  71  -5
TPCNote 134610 134820  64  -6
TPCNote 134820 134995  61  -3
TPCNote 134995 135380  66  -4
TPCNote 134995 135380  69  -7
TPCNote 134995 135170  57  -7
TPCNote 135170 135380  54  -4
TPCNote 135380 136115  64  -6
TPCNote 135380 136115  68  -2
TPCNote 135380 135555  52  -6
TPCNote 135555 135765  49  -3
TPCNote 135765 136885  57  -7
TPCNote 135765 135940  42  -4
TPCNote 135940 136115  49  -3
TPCNote 136115 136500  63  -1
TPCNote 136115 136500  66  -4
TPCNote 136115 136325  42  -4
TPCNote 136325 136500  49  -3
TPCNote 136500 136885  61  -3
TPCNote 136500 136885  64  -6
TPCNote 136500 136675  42  -4
TPCNote 136675 136885  49  -3
TPCNote 136885 137620  54  -4
TPCNote 136885 139125  63  -1
TPCNote 136885 139125  61  -3
TPCNote 136885 137060  44  -2
TPCNote 137060 137235  51  -1
TPCNote 137235 137445  44  -2
TPCNote 137445 137620  51  -1
TPCNote 137620 138005  56  -2
TPCNote 137620 137795  44  -2
TPCNote 137795 138005  51  -1
TPCNote 138005 138740  58   0
TPCNote 138005 138180  44  -2
TPCNote 138180 138390  51  -1
TPCNote 138390 138565  44  -2
TPCNote 138565 138740  51  -1
TPCNote 138740 138950  44  -2
TPCNote 138950 139125  51  -1
TPCNote 139125 139860  63  -1
TPCNote 139125 139860  66  -4
TPCNote 139125 140245  60   2
TPCNote 139125 139300  44  -2
TPCNote 139300 139510  51  -1
TPCNote 139510 139685  44  -2
TPCNote 139685 139860  51  -1
TPCNote 139860 140245  63  -1
TPCNote 139860 140245  66  -4
TPCNote 139860 140245  70   0
TPCNote 139860 140070  44  -2
TPCNote 140070 140245  51  -1
TPCNote 140245 141015  54  -4
TPCNote 140245 142485  63  -1
TPCNote 140245 142485  61  -3
TPCNote 140245 140420  44  -2
TPCNote 140420 140630  51  -1
TPCNote 140630 140805  44  -2
TPCNote 140805 141015  51  -1
TPCNote 141015 141365  56  -2
TPCNote 141015 141190  44  -2
TPCNote 141190 141365  51  -1
TPCNote 141365 142135  58   0
TPCNote 141365 141575  44  -2
TPCNote 141575 141750  51  -1
TPCNote 141750 141925  44  -2
TPCNote 141925 142135  51  -1
TPCNote 142135 142310  44  -2
TPCNote 142310 142485  51  -1
TPCNote 142485 143255  63  -1
TPCNote 142485 143255  66  -4
TPCNote 142485 143640  60   2
TPCNote 142485 142695  44  -2
TPCNote 142695 142870  51  -1
TPCNote 142870 143045  44  -2
TPCNote 143045 143255  51  -1
TPCNote 143255 143640  63  -1
TPCNote 143255 143990  66  -4
TPCNote 143255 143990  70   0
TPCNote 143255 143430  44  -2
TPCNote 143430 143640  51  -1
TPCNote 143640 143990  61  -3
TPCNote 143640 143815  44  -2
TPCNote 143815 143990  39  -1
TPCNote 143990 144375  68  -2
TPCNote 143990 144375  72   2
TPCNote 143990 144375  77   1
TPCNote 143990 144200  44  -2
TPCNote 144200 144375  51  -1
TPCNote 144375 144760  66  -4
TPCNote 144375 144760  70   0
TPCNote 144375 144760  75  -1
TPCNote 144375 144550  44  -2
TPCNote 144550 144760  51  -1
TPCNote 144760 145110  61  -3
TPCNote 144760 145880  66  -4
TPCNote 144760 145880  70   0
TPCNote 144760 144935  56  -2
TPCNote 144935 145110  51  -1
TPCNote 145110 145495  58   0
TPCNote 145110 145320  56  -2
TPCNote 145320 145495  63  -1
TPCNote 145495 145880  61  -3
TPCNote 145495 145670  56  -2
TPCNote 145670 145880  51  -1
TPCNote 145880 146265  58   0
TPCNote 145880 147000  66  -4
TPCNote 145880 147000  68  -2
TPCNote 145880 146055  56  -2
TPCNote 146055 146265  51  -1
TPCNote 146265 146615  60   2
TPCNote 146265 146440  44  -2
TPCNote 146440 146615  51  -1
TPCNote 146615 147000  63  -1
TPCNote 146615 146825  44  -2
TPCNote 146825 147000  39  -1
TPCNote 147000 147385  61  -3
TPCNote 147000 147385  66  -4
TPCNote 147000 147385  70   0
TPCNote 147000 147175  44  -2
TPCNote 147175 147385  39  -1
TPCNote 147385 147735  68  -2
TPCNote 147385 147735  72   2
TPCNote 147385 147735  77   1
TPCNote 147385 147560  44  -2
TPCNote 147560 147735  51  -1
TPCNote 147735 148120  66  -4
TPCNote 147735 148120  70   0
TPCNote 147735 148120  75  -1
TPCNote 147735 147945  44  -2
TPCNote 147945 148120  51  -1
TPCNote 148120 148505  61  -3
TPCNote 148120 149240  66  -4
TPCNote 148120 149240  70   0
TPCNote 148120 148295  56  -2
TPCNote 148295 148505  51  -1
TPCNote 148505 148890  58   0
TPCNote 148505 148680  56  -2
TPCNote 148680 148890  63  -1
TPCNote 148890 149240  61  -3
TPCNote 148890 149065  56  -2
TPCNote 149065 149240  51  -1
TPCNote 149240 149625  58   0
TPCNote 149240 150360  66  -4
TPCNote 149240 150360  68  -2
TPCNote 149240 149450  56  -2
TPCNote 149450 149625  51  -1
TPCNote 149625 150010  60   2
TPCNote 149625 149800  44  -2
TPCNote 149800 150010  51  -1
TPCNote 150010 150360  63  -1
TPCNote 150010 150185  44  -2
TPCNote 150185 150360  39  -1
TPCNote 150360 152635  75  -1
TPCNote 150360 151130  54  -4
TPCNote 150360 152635  61  -3
TPCNote 150570 150745  63  -1
TPCNote 150745 150920  66  -4
TPCNote 150920 151130  70   0
TPCNote 151130 151305  66  -4
TPCNote 151130 151515  56  -2
TPCNote 151305 151515  63  -1
TPCNote 151515 152250  58   0
TPCNote 151690 151865  63  -1
TPCNote 151865 152075  66  -4
TPCNote 152075 152250  70   0
TPCNote 152250 152425  66  -4
TPCNote 152425 152635  63  -1
TPCNote 152635 153370  78  -4
TPCNote 152635 153755  60   2
TPCNote 152810 152985  63  -1
TPCNote 152985 153195  66  -4
TPCNote 153195 153370  70   0
TPCNote 153370 153755  82   0
TPCNote 153370 153545  72   2
TPCNote 153545 153755  75  -1
TPCNote 153755 155995  75  -1
TPCNote 153755 154490  54  -4
TPCNote 153755 155995  61  -3
TPCNote 153930 154140  63  -1
TPCNote 154140 154315  66  -4
TPCNote 154315 154490  70   0
TPCNote 154490 154700  66  -4
TPCNote 154490 154875  56  -2
TPCNote 154700 154875  63  -1
TPCNote 154875 155610  58   0
TPCNote 155050 155260  63  -1
TPCNote 155260 155435  66  -4
TPCNote 155435 155610  70   0
TPCNote 155610 155820  66  -4
TPCNote 155820 155995  63  -1
TPCNote 155995 156765  78  -4
TPCNote 155995 157115  60   2
TPCNote 156170 156380  63  -1
TPCNote 156380 156555  66  -4
TPCNote 156555 156765  70   0
TPCNote 156765 157115  82   0
TPCNote 156765 156940  72   2
TPCNote 156940 157115  75  -1
TPCNote 157115 161630  87  -1
TPCNote 157115 160510  66  -4
TPCNote 157325 157500  70   0
TPCNote 157500 157675  73  -3
TPCNote 157675 157885  75  -1
TPCNote 157885 158060  78  -4
TPCNote 158060 158235  82   0
TPCNote 158445 158620  70   0
TPCNote 158620 158795  73  -3
TPCNote 158795 159005  75  -1
TPCNote 159005 159180  78  -4
TPCNote 159180 159390  84   2
TPCNote 159565 159740  70   0
TPCNote 159740 159950  73  -3
TPCNote 159950 160125  75  -1
TPCNote 160125 160300  78  -4
TPCNote 160300 160510  82   0
TPCNote 160510 162750  66  -4
TPCNote 160685 160860  69  -7
TPCNote 160860 161070  73  -3
TPCNote 161070 161245  75  -1
TPCNote 161245 161420  78  -4
TPCNote 161420 161630  81  -7
TPCNote 161630 162750  85  -3
TPCNote 161805 162015  69  -7
TPCNote 162015 162190  73  -3
TPCNote 162190 162365  75  -1
TPCNote 162365 162575  78  -4
TPCNote 162575 162750  83  -5
TPCNote 162750 163870  87  -1
TPCNote 162750 163870  66  -4
TPCNote 162925 163135  69  -7
TPCNote 163135 163310  73  -3
TPCNote 163310 163485  75  -1
TPCNote 163485 163695  78  -4
TPCNote 163695 163870  81  -7
TPCNote 163870 166110  65   1
TPCNote 164045 164255  68  -2
TPCNote 164255 164430  72   2
TPCNote 164430 164640  77   1
TPCNote 164640 164815  80  -2
TPCNote 164815 164990  84   2
TPCNote 164990 166110  89   1
TPCNote 164990 166110  92  -2
TPCNote 166110 167615  89   1
TPCNote 166110 167265  65   1
TPCNote 167265 169505  65   1
TPCNote 167440 167615  69   5
TPCNote 167615 168000  84   2
TPCNote 167615 168000  87  -1
TPCNote 167615 167825  72   2
TPCNote 167825 168000  75  -1
TPCNote 168000 168385  85  -3
TPCNote 168000 168385  89   1
TPCNote 168000 168175  77   1
TPCNote 168175 168385  81   5
TPCNote 168385 171010  84   2
TPCNote 168385 171010  87  -1
TPCNote 169505 170625  65   1
TPCNote 170625 172865  65   1
TPCNote 170800 171010  68  -2
TPCNote 171010 171360  82   0
TPCNote 171010 171360  85  -3
TPCNote 171010 171185  72   2
TPCNote 171185 171360  75  -1
TPCNote 171360 171745  84   2
TPCNote 171360 171745  87  -1
TPCNote 171360 171570  77   1
TPCNote 171570 171745  80  -2
TPCNote 171745 172305  82   0
TPCNote 171745 172305  85  -3
TPCNote 172305 173425  85  -3
TPCNote 172305 173425  89   1
TPCNote 172865 173985  65   1
TPCNote 173425 174370  82   0
TPCNote 173425 174370  85  -3
TPCNote 173985 176260  63  -1
TPCNote 174195 174370  66  -4
TPCNote 174370 174755  80  -2
TPCNote 174370 174755  84   2
TPCNote 174370 174545  68  -2
TPCNote 174545 174755  72   2
TPCNote 174755 175140  82   0
TPCNote 174755 175140  85  -3
TPCNote 174755 174930  75  -1
TPCNote 174930 175140  78  -4
TPCNote 175140 177380  80  -2
TPCNote 175140 177380  84   2
TPCNote 176260 177380  63  -1
TPCNote 177380 179620  61  -3
TPCNote 177555 177765  64  -6
TPCNote 177765 178115  78  -4
TPCNote 177765 178115  82   0
TPCNote 177765 177940  66  -4
TPCNote 177940 178115  70   0
TPCNote 178115 178500  80  -2
TPCNote 178115 178500  84   2
TPCNote 178115 178325  73  -3
TPCNote 178325 178500  76  -6
TPCNote 178500 178885  82   0
TPCNote 178500 179620  78  -4
TPCNote 178885 179235  87  -1
TPCNote 179235 179620  82   0
TPCNote 179620 180005  80  -2
TPCNote 179620 181125  77   1
TPCNote 179620 180740  63  -1
TPCNote 179620 180740  60   2
TPCNote 179725 180740  64  -6
TPCNote 179830 180740  68  -2
TPCNote 179935 180740  72   2
TPCNote 180005 180390  82   0
TPCNote 180390 181125  80  -2
TPCNote 180740 183015  48   2
TPCNote 180950 181125  54  -4
TPCNote 181125 181510  75  -1
TPCNote 181125 181510  78  -4
TPCNote 181125 181300  58   0
TPCNote 181300 181510  60   2
TPCNote 181510 181860  77   1
TPCNote 181510 181860  80  -2
TPCNote 181510 181685  63  -1
TPCNote 181685 181860  66  -4
TPCNote 181860 183015  75  -1
TPCNote 181860 183015  78  -4
TPCNote 181860 183015  70   0
TPCNote 183015 184135  69   5
TPCNote 183015 184485  77   1
TPCNote 183015 184135  60   2
TPCNote 183015 184135  63  -1
TPCNote 183015 184135  53   1
TPCNote 184135 186375  56  -2
TPCNote 184310 184485  58   0
TPCNote 184485 184870  73  -3
TPCNote 184485 184870  77   1
TPCNote 184485 184695  61  -3
TPCNote 184695 184870  65   1
TPCNote 184870 185255  75  -1
TPCNote 184870 185255  78  -4
TPCNote 184870 185045  68  -2
TPCNote 185045 185255  70   0
TPCNote 185255 185640  77   1
TPCNote 185255 186375  73  -3
TPCNote 185640 185990  82   0
TPCNote 185990 186375  77   1
TPCNote 186375 186760  75  -1
TPCNote 186375 187495  73  -3
TPCNote 186375 187495  54  -4
TPCNote 186480 187495  58   0
TPCNote 186585 187495  61  -3
TPCNote 186690 187495  63  -1
TPCNote 186760 187110  77   1
TPCNote 187110 187880  75  -1
TPCNote 187495 189735  53   1
TPCNote 187670 187880  56  -2
TPCNote 187880 188265  70   0
TPCNote 187880 188265  73  -3
TPCNote 187880 188055  58   0
TPCNote 188055 188265  61  -3
TPCNote 188265 188615  72   2
TPCNote 188265 188615  75  -1
TPCNote 188265 188440  65   1
TPCNote 188440 188615  68  -2
TPCNote 188615 189735  70   0
TPCNote 188615 189735  73  -3
TPCNote 189735 190890  68  -2
TPCNote 189735 190890  72   2
TPCNote 189735 190295  51  -1
TPCNote 189735 190890  54  -4
TPCNote 189735 190890  60   2
TPCNote 190330 190890  44  -2
TPCNote 190890 192360  37  -3
TPCNote 190890 192360  44  -2
TPCNote 191240 191625  53   1
TPCNote 191240 191625  56  -2
TPCNote 191625 194250  65   1
TPCNote 191625 194250  68  -2
TPCNote 192010 193130  77   1
TPCNote 192010 193130  80  -2
TPCNote 192010 194250  59  -5
TPCNote 193130 194635  73  -3
TPCNote 193130 194635  77   1
TPCNote 194250 195755  42  -4
TPCNote 194250 197610  49  -3
TPCNote 194635 194985  75  -1
TPCNote 194635 197610  66  -4
TPCNote 194635 197610  70   0
TPCNote 194635 197610  54  -4
TPCNote 194635 197610  58   0
TPCNote 194635 197610  61  -3
TPCNote 194985 195370  77   1
TPCNote 195370 197995  75  -1
TPCNote 197610 199885  44  -2
TPCNote 197995 198380  61  -3
TPCNote 197995 198380  73  -3
TPCNote 197995 198765  68  -2
TPCNote 197995 198765  53   1
TPCNote 197995 198765  56  -2
TPCNote 198380 198765  63  -1
TPCNote 198380 198765  75  -1
TPCNote 198765 199885  68  -2
TPCNote 198765 199885  77   1
TPCNote 198765 199885  80  -2
TPCNote 198765 199885  61  -3
TPCNote 198765 199885  65   1
TPCNote 198765 201005  59  -5
TPCNote 199885 201005  65   1
TPCNote 199885 201005  73  -3
TPCNote 199885 201390  77   1
TPCNote 199885 201005  61  -3
TPCNote 201005 202510  46   0
TPCNote 201390 201740  75  -1
TPCNote 201390 204365  65   1
TPCNote 201390 204365  70   0
TPCNote 201390 203245  63  -1
TPCNote 201390 204365  53   1
TPCNote 201390 204365  58   0
TPCNote 201740 202125  77   1
TPCNote 202125 203245  75  -1
TPCNote 203245 204365  73  -3
TPCNote 203245 204365  61  -3
TPCNote 204365 207760  41   1
TPCNote 204750 205135  61  -3
TPCNote 204750 205485  56  -2
TPCNote 205135 205485  63  -1
TPCNote 205485 206640  61  -3
TPCNote 205485 206640  65   1
TPCNote 205485 206640  70   0
TPCNote 206640 207760  56  -2
TPCNote 206640 207760  61  -3
TPCNote 206640 207760  65   1
TPCNote 207760 210000  39  -1
TPCNote 208110 208495  66  -4
TPCNote 208110 208880  58   0
TPCNote 208110 208880  61  -3
TPCNote 208495 208880  68  -2
TPCNote 208880 210000  73  -3
TPCNote 208880 210000  66  -4
TPCNote 208880 210000  70   0
TPCNote 208880 210000  51  -1
TPCNote 210000 211120  70   0
TPCNote 210000 211120  61  -3
TPCNote 210000 211120  66  -4
TPCNote 210000 211120  63  -1
TPCNote 211120 213360  44  -2
TPCNote 211505 211890  70   0
TPCNote 211505 212240  60   2
TPCNote 211505 212240  66  -4
TPCNote 211680 212240  51  -1
TPCNote 211890 212240  72   2
TPCNote 212240 213360  77   1
TPCNote 212240 213360  68  -2
TPCNote 212240 213360  72   2
TPCNote 212240 213360  80  -2
TPCNote 213360 214515  60   2
TPCNote 213360 214515  66  -4
TPCNote 213360 214515  68  -2
TPCNote 213360 214515  56  -2
TPCNote 214515 215635  37  -3
TPCNote 214690 214865  44  -2
TPCNote 214865 215075  49  -3
TPCNote 215075 215250  53   1
TPCNote 215250 215425  56  -2
TPCNote 215425 215635  61  -3
TPCNote 215635 216755  41   1
TPCNote 215810 215985  48   2
TPCNote 215985 216195  53   1
TPCNote 216195 216370  56  -2
TPCNote 216370 216545  60   2
TPCNote 216580 216755  65   1
TPCNote 216755 217875  37  -3
TPCNote 216930 217140  44  -2
TPCNote 217140 217315  49  -3
TPCNote 217315 217490  53   1
TPCNote 217490 217700  56  -2
TPCNote 217700 217875  61  -3
TPCNote 217875 218995  41   1
TPCNote 218050 218260  48   2
TPCNote 218260 218435  53   1
TPCNote 218435 218610  56  -2
TPCNote 218610 218820  60   2
TPCNote 218820 218995  65   1
TPCNote 218995 220115  71  -5
TPCNote 218995 220115  68  -2
TPCNote 218995 221235  44  -2
TPCNote 219205 219380  52  -6
TPCNote 219380 219555  56  -2
TPCNote 219555 219765  59  -5
TPCNote 219765 219940  64  -6
TPCNote 219940 220115  66  -4
TPCNote 220115 221235  73  -3
TPCNote 220115 221235  64  -6
TPCNote 220115 221235  68  -2
TPCNote 221235 222390  49  -3
TPCNote 221445 221620  56  -2
TPCNote 221620 221795  61  -3
TPCNote 221830 222005  65   1
TPCNote 222005 222180  68  -2
TPCNote 222180 222390  73  -3
TPCNote 222390 223510  53   1
TPCNote 222565 222740  60   2
TPCNote 222740 222950  65   1
TPCNote 222950 223125  68  -2
TPCNote 223125 223300  72   2
TPCNote 223300 223510  77   1
TPCNote 223510 224630  49  -3
TPCNote 223685 223860  56  -2
TPCNote 223860 224070  61  -3
TPCNote 224070 224245  65   1
TPCNote 224245 224420  68  -2
TPCNote 224455 224630  73  -3
TPCNote 224630 225750  53   1
TPCNote 224805 225015  60   2
TPCNote 225015 225190  65   1
TPCNote 225190 225365  68  -2
TPCNote 225365 225575  72   2
TPCNote 225575 225750  77   1
TPCNote 225750 226870  83  -5
TPCNote 225750 227990  80  -2
TPCNote 225750 227990  56  -2
TPCNote 225925 226135  59  -5
TPCNote 226135 226310  64  -6
TPCNote 226310 226485  68  -2
TPCNote 226485 226695  71  -5
TPCNote 226695 227990  76  -6
TPCNote 226870 227990  85  -3
TPCNote 227990 229110  83  -5
TPCNote 227990 230265  80  -2
TPCNote 227990 230265  56  -2
TPCNote 228200 228375  59  -5
TPCNote 228375 228550  64  -6
TPCNote 228550 228760  68  -2
TPCNote 228760 228935  71  -5
TPCNote 228935 230265  76  -6
TPCNote 229110 230265  85  -3
TPCNote 230265 231385  88  -6
TPCNote 230265 231385  44  -2
TPCNote 231385 234745  89   1
TPCNote 231385 234745  92  -2
TPCNote 231385 233625  37  -3
TPCNote 231560 231735  44  -2
TPCNote 231735 231945  49  -3
TPCNote 231945 232120  53   1
TPCNote 232120 232295  56  -2
TPCNote 232330 232505  61  -3
TPCNote 232505 232890  65   1
TPCNote 232890 233240  68  -2
TPCNote 233240 233625  73  -3
TPCNote 233625 234010  77   1
TPCNote 234010 234360  80  -2
TPCNote 234360 234745  85  -3
TPCNote 234745 236985  80  -2
TPCNote 234745 236985  61  -3
TPCNote 234850 236985  85  -3
TPCNote 234850 236985  68  -2
TPCNote 234955 236985  89   1
TPCNote 234955 236985  73  -3
TPCNote 235060 236985  92  -2
TPCNote 235060 236985  77   1
